DeviceId: n/a
SensorType: XP
Imu:
  accel_TK:
    - [0.999722, 0.00340139, 0.000420078]
    - [0, 1.0013, -0.00961023]
    - [0, -3.72566e-20, 0.999791]
  accel_bias: [-0.0229416, 0.155565, -0.111001]
  gyro_TK:
    - [0.971578, 0.00220008, 0.00350995]
    - [0.000453233, 0.979085, -0.00676669]
    - [0.00323307, -0.00488508, 0.978341]
  gyro_bias: [0.0171592, -0.0219184, -0.0023796]
  accel_noise_var: [0.0016, 0.0016, 0.0016]
  angv_noise_var: [0.0001, 0.0001, 0.0001]
  D_T_I:
    - [0.99984384, 0.013826273, -0.011004255, 0]
    - [-0.013842011, 0.99990326, -0.0013552236, 0]
    - [0.010984453, 0.0015073329, 0.99993855, 0]
    - [0, 0, 0, 1]
Camera:
  D_T_C_l:
    - [1, 0, 0, 0]
    - [0, 1, 0, 0]
    - [0, 0, 1, 0]
    - [0, 0, 0, 1]
  D_T_C_r:
    - [0.99993, -0.005014466, -0.01072041, 0.1011488]
    - [0.004951452, 0.9999703, -0.005896404, 0.001806704]
    - [0.01074966, 0.00584291, 0.9999252, -0.0006698829]
    - [-0, 0, -0, 1]
  cameraK_l:
    - [544.0621, 0, 293.8677]
    - [0, 545.2656, 272.774]
    - [0, 0, 1]
  cameraK_r:
    - [454.8954, 0, 298.3876]
    - [0, 455.2005, 277.28]
    - [0, 0, 1]
  dist_coeff_l:
    - [6.448807]
    - [-4.307488]
    - [0]
    - [0]
    - [-1.023903]
    - [6.927151]
    - [-1.530936]
    - [-3.474545]
  dist_coeff_r:
    - [94.4471]
    - [99.56986]
    - [0]
    - [0]
    - [9.429593]
    - [94.754]
    - [138.5791]
    - [39.51978]
  img_size: [640, 480]
