DeviceId: n/a
SensorType: LI
Imu:
  accel_TK:
    - [0.998338, 0.000748493, 0.00179343]
    - [0, 0.998209, -0.0102402]
    - [0, -6.84796e-21, 1.00433]
  accel_bias: [-0.00330497, 0.323796, 0.667229]
  gyro_TK:
    - [0.999382, -0.000921241, -0.00380315]
    - [0.00144743, 0.998149, -0.004224]
    - [-0.000134011, -0.000647592, 1.00203]
  gyro_bias: [0.0352652, 0.0207573, 0.00337497]
  accel_noise_var: [0.0016, 0.0016, 0.0016]
  angv_noise_var: [0.0001, 0.0001, 0.0001]
  D_T_I:
    - [1, 0, 0, 0]
    - [0, 1, 0, 0]
    - [0, 0, 1, 0]
    - [0, 0, 0, 1]
Camera:
  D_T_C_l:
    - [1, 0, 0, 0]
    - [0, 1, 0, 0]
    - [0, 0, 1, 0]
    - [0, 0, 0, 1]
  D_T_C_r:
    - [0.999839, -0.01715976, -0.00526135, 0.09999769]
    - [0.01716694, 0.9998518, 0.001324108, 0.002442119]
    - [0.005237848, -0.001414216, 0.9999853, -0.00103286]
    - [-0, -0, -0, 1]
  cameraK_l:
    - [438.3137, 0, 318.2404]
    - [0, 440.1048, 230.29]
    - [0, 0, 1]
  cameraK_r:
    - [438.7888, 0, 309.4392]
    - [0, 440.7051, 240.9239]
    - [0, 0, 1]
  dist_coeff_l:
    - [1.537397]
    - [-0.4397262]
    - [0]
    - [0]
    - [-0.08594547]
    - [1.96103]
    - [0.08925956]
    - [-0.3289861]
  dist_coeff_r:
    - [0.5408935]
    - [-1.096833]
    - [0]
    - [0]
    - [-0.1347599]
    - [0.9617616]
    - [-0.9781312]
    - [-0.5649877]
  img_size: [640, 480]
