DeviceId: n/a
SensorType: LI
Imu:
  accel_TK:
    - [1.00017, 0, 3.71185e-22]
    - [0, 0.999815, 4.32576e-20]
    - [0, 1.69e-20, 0.995471]
  accel_bias: [-0.0558858, 0.241111, 0.299892]
  gyro_TK:
    - [1.01429, 0, 0]
    - [0, 0.999652, 0]
    - [0, 0, 1.00018]
  gyro_bias: [0.000723556, -0.0166618, 0.00854366]
  accel_noise_var: [0.0016, 0.0016, 0.0016]
  angv_noise_var: [0.0001, 0.0001, 0.0001]
  D_T_I:
    - [0.99984384, 0.013826273, -0.011004255, 0]
    - [-0.013842011, 0.99990326, -0.0013552236, 0]
    - [0.010984453, 0.0015073329, 0.99993855, 0]
    - [0, 0, 0, 1]
Camera:
  D_T_C_l:
    - [1, 0, 0, 0]
    - [0, 1, 0, 0]
    - [0, 0, 1, 0]
    - [0, 0, 0, 1]
  D_T_C_r:
    - [0.9999918, -0.003989118, -0.0007445575, 0.09945384]
    - [0.00398772, 0.9999903, -0.001869617, -0.0007889949]
    - [0.0007520085, 0.001866633, 0.999998, -0.0008022971]
    - [-0, 0, -0, 1]
  cameraK_l:
    - [431.7897, 0, 311.6387]
    - [0, 433.9413, 249.5762]
    - [0, 0, 1]
  cameraK_r:
    - [433.4669, 0, 323.5664]
    - [0, 435.8388, 248.6709]
    - [0, 0, 1]
  dist_coeff_l:
    - [4.53603]
    - [39.79651]
    - [0]
    - [0]
    - [5.531641]
    - [4.915697]
    - [41.75661]
    - [20.90423]
  dist_coeff_r:
    - [-0.4420608]
    - [-0.4018155]
    - [0]
    - [0]
    - [-0.01675667]
    - [-0.02937661]
    - [-0.67102]
    - [-0.1115985]
  img_size: [640, 480]
